272 272 272 272 272 272 272 272 272 272 272 272 272 272 272 272 272 272 272 272 272 272 272 272 272 272 272 272 272 272 272 272 272 272 272 272 272 272 272 272 271 272 272 272 272 272 272 272 272 272 272 272 272 272 272 272 272 272 272 272 272 272 272 272 272 272 272 272 272 272 272 272 272 272 272 272 272 272 272 272 272 272 272 272 272 272 272 272 272 272 272 272 272 272 272 272 272 272 272 272 
272 272 272 272 272 272 272 272 272 272 272 272 272 272 272 272 272 272 272 272 272 272 272 272 272 272 272 272 272 272 272 272 272 272 272 272 272 272 272 272 272 272 272 272 272 272 272 272 272 272 272 272 272 272 272 272 272 272 272 272 272 272 272 272 272 272 272 272 272 272 272 272 272 272 272 272 272 272 272 272 272 272 272 272 272 272 272 272 272 272 272 272 272 272 272 272 272 272 272 272 
272 272 272 272 272 272 272 272 272 272 272 272 272 272 272 272 272 272 272 272 272 272 272 272 272 272 272 272 272 272 272 272 272 272 272 272 272 272 272 272 272 272 272 272 272 272 272 272 272 272 272 272 272 272 272 272 272 272 272 272 272 272 272 272 272 272 272 272 272 272 272 272 272 272 272 272 272 272 272 272 272 272 272 272 272 272 272 272 272 272 272 272 272 272 272 272 272 272 272 272 
272 272 272 272 272 272 272 272 272 272 272 272 272 272 272 272 272 272 272 272 272 272 272 272 272 272 272 272 272 272 272 272 272 272 272 272 272 272 272 272 272 272 272 272 272 272 272 272 272 272 272 272 272 272 272 272 272 272 272 272 272 272 272 272 272 272 272 272 272 272 272 272 272 272 272 272 272 272 272 272 272 272 272 272 272 272 272 271 272 272 272 272 272 272 272 272 272 272 272 272 
272 272 272 272 272 272 272 272 272 272 272 272 272 272 272 272 272 272 272 272 272 272 272 272 271 272 272 272 272 272 272 272 272 272 272 272 272 272 272 272 272 272 272 272 272 272 272 272 272 272 272 272 271 272 272 272 272 272 272 272 272 272 272 272 272 272 272 272 272 272 272 272 272 272 272 272 272 272 272 272 272 272 272 272 272 272 272 272 272 272 272 272 272 272 272 272 272 272 271 272 
272 272 272 272 272 272 272 272 272 260 258 258 258 258 258 258 258 258 258 258 258 258 258 258 258 258 258 258 258 258 258 258 258 258 258 258 258 258 258 258 258 258 258 258 258 258 258 258 258 258 258 258 258 258 258 258 258 258 258 258 258 258 258 258 258 258 258 258 258 258 258 258 258 258 258 258 258 258 258 258 258 258 258 258 258 258 258 258 258 258 258 261 272 272 272 272 272 272 272 272 
272 272 272 272 272 272 272 272 272 266 288 288 288 288 288 288 288 288 288 287 288 288 288 288 288 288 288 288 288 288 288 288 288 288 288 288 288 288 288 288 288 288 288 288 288 288 288 288 288 288 288 288 288 288 288 287 287 288 288 288 288 288 288 288 288 288 288 288 288 288 288 288 288 288 288 288 288 288 288 288 288 288 288 288 288 288 288 288 288 288 288 267 272 272 272 272 272 272 272 272 
272 272 272 272 272 272 272 272 272 266 288 288 288 288 288 288 287 287 287 287 288 288 288 288 288 287 287 288 288 288 288 288 288 288 288 288 288 288 288 288 288 288 288 288 288 288 288 288 288 288 287 287 288 288 287 287 288 288 288 288 288 288 288 288 288 280 288 288 288 287 288 288 288 288 288 288 288 288 287 288 288 288 288 288 288 288 288 288 288 288 288 267 272 272 272 272 272 272 272 272 
272 272 272 272 272 272 272 272 272 266 288 288 288 288 288 288 288 288 288 288 288 288 288 288 287 287 288 288 288 288 288 288 288 288 287 287 287 287 288 288 288 288 280 288 288 288 287 287 288 288 287 287 288 288 288 288 288 288 288 288 288 288 288 288 288 288 288 288 288 287 287 288 288 288 288 288 288 288 287 288 288 288 288 288 288 288 280 288 288 288 288 267 272 272 272 272 272 272 272 272 
272 272 272 272 272 272 272 272 272 266 288 288 288 288 288 288 288 280 288 288 288 288 288 288 287 287 288 288 280 288 288 288 288 288 287 287 287 288 288 288 288 288 288 288 288 288 288 288 288 288 288 287 288 288 288 288 288 288 288 288 288 288 288 288 288 288 288 288 288 288 287 287 288 288 288 288 288 287 287 288 288 288 288 288 288 288 288 288 288 288 288 267 272 272 272 272 272 272 272 272 
272 272 272 272 272 271 272 272 272 266 288 288 288 288 287 287 287 288 288 288 288 288 288 288 287 287 288 288 288 288 288 287 288 287 287 288 288 288 288 288 288 288 288 288 288 288 288 288 288 288 288 288 288 288 288 288 288 288 288 288 288 288 288 288 288 288 288 288 288 288 288 288 288 288 288 288 288 287 287 288 288 287 287 288 288 288 288 288 288 288 288 267 272 272 272 272 272 272 272 272 
272 272 272 272 272 272 272 272 272 266 288 288 288 288 288 287 287 287 288 288 288 288 288 288 288 287 287 287 288 288 288 287 287 287 288 288 288 288 288 288 288 288 288 287 287 287 287 288 288 288 288 288 288 288 288 288 288 287 287 287 287 287 288 288 288 288 288 288 288 288 288 288 288 288 288 288 288 287 287 288 287 287 287 287 287 287 288 288 288 288 288 267 272 272 272 272 272 272 272 272 
272 272 272 272 272 272 272 272 272 266 280 288 288 288 288 288 288 288 288 288 288 288 288 288 288 288 288 288 288 288 288 287 288 288 288 288 288 288 288 288 287 287 287 287 288 288 288 288 288 288 288 288 288 288 287 287 287 287 287 287 287 287 287 287 288 288 288 288 288 288 288 288 288 288 288 288 288 288 287 287 287 287 287 287 287 287 287 288 288 288 288 267 272 272 272 272 272 272 272 272 
272 272 272 272 272 272 272 272 272 266 288 288 288 288 288 288 288 288 288 288 288 288 288 288 288 288 288 288 288 288 288 288 288 288 288 288 288 287 287 287 288 288 288 288 288 288 288 288 288 288 288 288 288 288 287 287 287 287 287 287 287 287 287 287 287 288 288 288 288 288 288 288 288 288 288 280 288 288 288 287 287 287 287 288 288 288 287 287 288 280 288 267 272 272 272 272 272 272 272 272 
272 272 272 272 272 272 272 272 272 266 288 288 288 288 288 288 288 288 288 287 287 288 288 288 288 288 288 288 288 288 288 288 288 288 288 288 287 287 288 288 288 288 288 288 288 280 288 288 288 288 288 288 288 288 287 287 287 288 288 288 288 287 287 287 287 288 288 288 288 288 288 288 288 288 288 288 288 288 288 288 287 287 288 288 288 288 288 288 287 288 288 267 272 272 272 272 272 272 272 272 
272 272 272 272 272 272 272 272 272 266 287 288 288 288 288 288 288 288 287 287 288 288 288 288 288 288 287 288 287 287 288 288 288 288 288 288 287 288 288 288 288 288 288 288 288 288 288 288 288 288 288 288 288 288 288 288 288 288 288 288 288 288 288 287 287 287 288 288 288 288 288 288 288 288 288 288 288 288 288 288 288 288 288 288 288 288 288 288 288 288 288 267 272 272 272 272 272 272 272 272 
272 272 272 272 272 272 272 272 272 266 287 288 288 288 288 288 288 288 287 288 288 288 288 288 288 288 287 287 287 288 288 288 288 288 288 288 287 287 287 287 287 287 288 288 288 288 288 288 288 288 288 288 288 288 288 288 288 288 288 288 288 288 288 288 287 287 288 288 288 288 288 288 288 288 288 288 288 288 288 288 288 288 288 288 288 288 288 288 288 288 288 267 272 272 272 272 272 272 272 272 
272 272 272 272 272 272 272 272 272 266 287 288 288 288 288 288 288 288 288 288 288 280 288 288 288 288 287 288 288 288 288 288 288 280 288 288 288 287 287 287 287 287 287 287 288 288 288 288 288 288 288 288 288 288 288 288 288 288 288 288 288 280 288 288 287 287 288 288 288 288 288 288 288 288 288 288 288 288 288 287 288 288 288 288 288 287 288 288 288 288 288 267 272 272 272 272 272 272 272 272 
272 272 272 272 272 272 272 272 272 266 288 288 288 288 288 288 288 288 288 288 288 288 288 288 288 288 287 288 288 288 288 288 288 288 288 288 288 288 287 287 287 287 287 287 287 288 288 287 287 287 288 288 288 288 288 288 288 288 288 288 288 288 287 287 287 288 288 288 288 288 288 288 287 288 288 288 288 287 288 288 288 288 288 288 288 287 287 288 288 288 288 267 272 272 272 272 272 272 272 272 
272 272 272 272 272 272 272 272 272 266 288 288 288 288 288 287 287 288 287 287 287 287 287 287 288 288 288 288 288 288 287 287 288 288 288 288 288 288 288 288 287 287 287 287 287 287 287 287 287 287 288 288 288 288 288 288 288 288 288 287 287 287 287 288 288 288 280 288 288 288 287 287 287 287 288 288 288 287 287 288 288 288 288 288 287 287 287 288 288 288 288 267 272 272 272 272 272 272 271 272 
272 272 272 272 272 272 272 272 272 266 288 288 288 287 287 287 287 287 288 288 288 288 288 287 287 288 288 288 288 288 288 287 287 287 288 288 288 288 288 288 288 288 287 287 287 287 287 288 288 288 288 288 288 288 288 288 288 288 287 287 287 288 288 288 288 288 288 288 288 288 287 288 288 288 288 288 288 288 288 288 288 288 288 287 287 287 288 288 288 287 288 267 272 272 272 272 272 272 272 272 
272 272 272 272 272 272 272 272 272 266 288 288 287 287 287 287 288 288 288 288 288 288 288 287 288 288 288 288 288 288 288 288 288 287 287 287 288 288 288 288 288 288 288 288 288 288 288 288 288 288 288 288 288 288 287 287 287 287 287 288 288 288 288 288 288 288 287 288 288 288 287 288 288 288 288 280 288 288 288 288 288 288 288 287 287 287 288 288 287 287 288 267 272 272 272 272 272 272 272 272 
272 272 272 272 272 272 272 271 272 266 288 288 287 287 288 288 288 288 288 288 288 288 288 288 288 287 288 288 288 288 288 287 287 287 287 287 288 288 288 288 280 288 288 288 288 288 288 288 287 288 288 288 288 288 288 288 288 288 288 288 288 288 288 288 288 287 287 288 288 288 288 288 288 288 288 288 288 288 288 288 288 288 287 287 287 288 288 288 287 288 288 267 272 272 272 272 272 272 272 272 
272 272 272 272 272 272 272 272 272 266 288 288 287 288 288 288 288 280 288 288 288 287 287 288 287 287 288 288 288 288 288 288 288 287 287 287 288 288 288 288 288 288 288 288 288 287 287 288 288 288 288 288 288 288 288 288 288 288 288 288 288 288 288 288 288 288 287 287 288 288 288 288 288 288 288 288 288 288 288 288 288 287 287 287 287 288 288 288 288 288 288 267 272 272 272 272 272 272 272 272 
272 272 272 272 272 272 271 272 272 266 288 288 288 288 288 288 288 288 288 288 288 288 288 288 287 287 288 288 288 288 288 288 288 288 287 287 287 288 288 288 288 288 288 288 288 288 288 288 288 288 288 288 288 288 288 288 288 288 288 288 288 288 288 288 288 288 288 288 288 288 288 288 288 288 288 288 288 288 288 287 288 287 287 288 288 288 280 288 288 288 288 267 272 272 272 272 272 272 272 272 
272 272 272 272 272 272 272 272 272 266 288 288 288 288 288 288 288 288 288 288 288 288 288 288 287 287 288 288 288 288 288 270 269 269 269 269 269 269 269 269 269 269 269 269 269 269 269 269 269 269 269 269 269 269 269 269 269 269 269 269 269 269 269 269 269 269 269 269 269 268 288 288 288 288 288 288 288 288 287 288 287 287 288 288 288 288 288 288 288 288 288 267 272 272 272 272 272 272 272 272 
272 272 272 272 272 272 272 272 272 266 288 288 288 288 288 288 288 288 287 288 288 288 288 288 287 287 287 288 288 287 288 267 260 258 258 258 258 258 258 258 258 258 258 258 258 258 258 258 258 258 258 258 258 258 258 258 258 258 258 258 258 258 258 258 258 258 258 258 261 266 288 288 288 288 288 288 288 287 287 287 287 288 288 288 288 288 288 288 288 288 288 267 272 272 272 272 272 272 272 272 
272 272 272 272 272 272 272 272 272 266 288 288 288 288 288 288 288 288 287 287 288 288 288 288 287 287 287 287 288 288 288 267 266 288 288 288 288 288 288 288 288 288 288 288 280 288 288 288 288 288 288 288 288 288 288 280 280 288 288 288 288 288 288 288 288 288 288 288 267 266 288 288 288 288 288 288 287 287 287 287 288 288 288 288 288 288 288 288 287 288 288 267 272 272 272 272 272 272 272 272 
272 272 272 272 272 272 272 272 272 266 288 288 288 288 288 288 288 288 288 287 288 288 288 288 288 288 288 288 288 287 288 267 266 288 288 288 288 288 288 288 288 288 288 288 288 288 288 288 288 288 288 288 288 288 288 288 288 288 288 288 288 288 288 288 288 288 288 288 267 266 288 288 288 288 288 287 287 287 288 288 288 288 288 287 288 288 288 288 287 287 288 267 272 272 272 272 272 272 272 272 
272 272 272 272 272 272 272 272 272 266 288 288 288 288 288 288 288 288 288 287 287 288 288 288 288 288 288 280 288 287 288 267 266 288 288 288 288 288 288 288 288 288 288 288 288 288 288 288 288 288 288 288 288 288 288 288 288 288 288 288 288 288 288 288 288 288 288 288 267 266 288 288 288 288 288 287 288 288 288 288 288 288 288 287 287 288 288 288 288 287 288 267 272 272 272 271 272 272 272 272 
272 272 272 272 272 272 272 272 272 266 288 288 288 288 280 288 288 288 288 288 287 288 288 288 288 288 288 280 288 288 288 267 266 288 288 288 288 288 288 288 288 288 288 288 288 288 287 287 287 287 288 287 287 287 287 288 288 288 288 288 288 288 288 288 280 288 288 288 267 266 288 288 288 288 288 288 288 288 288 288 288 288 288 287 287 288 288 288 288 287 287 267 272 272 272 272 272 272 272 272 
272 272 272 272 272 272 272 272 272 266 288 288 288 288 288 288 288 288 288 288 288 288 288 288 288 288 288 288 288 288 288 267 266 280 288 288 288 288 288 288 288 288 288 288 288 288 287 287 288 288 288 288 288 287 287 288 288 288 288 288 288 288 288 288 288 288 288 288 267 266 288 288 288 288 288 288 288 288 288 288 288 288 288 288 288 288 288 288 288 288 287 267 272 272 272 272 272 272 272 272 
272 272 272 272 272 272 272 272 272 266 288 288 288 288 288 288 288 288 288 288 288 288 288 288 288 288 288 288 288 288 288 267 266 288 288 288 288 288 288 288 288 288 288 288 288 288 287 288 288 288 69 288 288 288 287 288 288 288 288 288 288 288 288 288 288 288 288 288 267 266 288 288 288 288 288 288 288 288 288 288 288 288 288 288 288 288 288 288 288 288 288 267 272 272 272 272 272 272 272 272 
272 272 272 272 272 272 272 272 272 266 288 288 288 288 287 287 288 288 288 288 288 288 288 288 288 288 288 288 288 288 288 267 266 288 288 288 288 288 288 288 288 288 288 288 288 288 287 288 288 288 69 288 288 288 287 288 288 288 288 288 288 288 288 288 288 288 288 288 267 266 288 288 287 288 288 288 288 288 288 288 288 288 288 288 288 288 288 288 288 288 288 267 272 272 272 272 272 272 272 272 
272 272 272 272 272 272 272 272 272 266 288 288 288 288 287 287 288 288 288 288 288 288 288 288 288 288 288 288 288 288 288 267 266 288 288 288 288 288 288 288 288 288 288 288 288 288 288 288 69 69 70 69 69 288 288 288 288 288 288 288 288 288 288 288 288 288 288 288 267 266 288 287 288 288 288 288 288 288 287 288 288 288 288 288 288 288 288 288 288 288 288 267 272 272 272 272 272 272 272 272 
272 271 272 272 272 272 272 272 272 266 288 288 288 287 287 287 287 288 288 288 288 288 288 288 288 287 288 288 287 288 288 267 266 288 288 288 288 288 288 288 288 288 288 288 288 288 287 288 288 288 69 288 288 288 287 288 288 288 288 288 288 288 288 288 288 288 288 288 267 266 288 288 288 288 288 288 288 288 288 287 288 288 288 287 287 288 288 288 288 288 288 267 272 272 272 272 272 272 272 272 
272 272 272 272 272 272 272 272 272 266 288 288 288 287 287 287 287 287 288 288 288 288 288 288 288 288 288 288 288 288 288 267 266 288 288 288 288 288 288 288 288 288 288 288 288 288 287 288 288 280 69 288 288 288 287 288 288 288 288 288 288 288 288 288 288 288 288 288 267 266 288 287 288 288 288 287 288 288 288 287 288 288 288 287 287 287 288 288 288 280 288 267 272 272 272 272 272 272 272 272 
272 272 272 272 272 272 272 272 272 266 288 288 288 287 287 287 287 287 288 280 288 288 288 288 288 288 287 288 288 288 288 267 266 288 288 288 288 288 288 288 288 288 288 288 288 288 287 288 288 288 69 288 288 288 287 288 280 288 288 288 288 288 288 288 288 288 288 288 267 266 288 288 288 288 288 287 288 288 288 288 288 288 288 288 287 287 288 288 288 288 288 267 272 272 272 272 272 272 272 272 
272 272 272 272 272 272 272 272 272 266 288 288 288 287 287 287 287 287 288 288 288 288 288 288 288 288 287 288 288 288 288 267 266 288 288 288 288 288 288 288 288 288 288 288 288 288 287 287 288 288 288 288 288 287 287 288 288 288 288 288 288 288 288 288 288 288 288 288 267 266 288 288 288 288 288 287 288 288 288 288 288 288 288 288 287 287 288 288 288 288 288 267 272 272 272 272 272 272 272 272 
272 272 272 272 272 272 272 272 272 266 288 288 288 288 287 287 287 288 288 288 288 288 287 288 288 288 288 288 288 288 288 267 266 288 288 288 288 280 288 288 288 288 288 288 288 288 287 287 287 287 288 287 287 287 287 288 288 288 288 288 288 288 288 288 288 288 288 288 267 266 288 288 288 288 288 287 287 288 288 288 288 288 288 288 288 287 287 287 287 288 288 267 272 272 272 272 272 272 272 272 
272 272 272 272 272 272 272 272 272 266 288 288 288 288 287 287 287 288 288 287 288 288 287 288 288 288 288 288 288 288 288 267 266 288 288 288 288 288 288 288 288 288 288 288 288 288 288 288 288 288 288 288 288 288 288 288 288 288 288 288 288 288 288 288 288 288 288 288 267 266 288 288 280 288 288 287 287 288 288 288 288 288 288 288 288 287 287 287 287 288 288 267 272 272 272 272 272 272 272 272 
272 272 272 272 272 272 272 272 272 266 288 288 288 288 288 287 288 288 288 288 288 287 287 287 288 288 288 288 288 288 288 267 266 288 288 288 288 288 288 288 288 288 288 288 288 288 288 288 288 288 288 288 288 288 288 288 288 288 288 288 288 288 288 288 288 280 288 288 267 266 288 288 288 288 288 287 287 288 288 288 288 288 288 288 288 287 287 287 287 287 288 267 272 272 272 272 272 272 272 272 
272 272 272 272 272 272 272 272 272 266 288 288 288 288 288 288 288 287 288 288 288 287 288 288 288 288 288 288 288 287 288 267 266 288 288 288 288 288 288 288 288 288 288 288 288 288 288 288 288 288 78 288 288 288 288 288 288 288 288 288 288 288 288 288 288 288 288 288 267 266 288 288 288 288 287 287 288 288 288 288 288 288 288 288 288 287 287 287 287 287 288 267 272 272 272 272 272 272 272 272 
272 272 272 272 272 272 272 272 272 266 288 288 280 288 288 288 288 288 288 288 287 287 288 288 288 288 288 288 287 288 288 267 262 269 269 269 269 269 269 269 269 269 269 269 269 269 269 269 269 269 269 269 269 269 269 269 269 269 269 269 269 269 269 269 269 269 269 269 263 266 288 288 288 288 287 287 287 288 280 288 288 288 288 288 288 287 287 287 287 287 288 267 272 272 272 272 272 272 272 272 
272 272 272 272 272 272 272 272 272 266 288 288 288 288 288 288 288 288 288 288 288 288 288 288 288 288 287 287 288 288 288 267 260 258 258 258 258 258 258 258 258 258 258 258 258 258 258 258 258 258 258 258 258 258 258 258 258 258 258 258 258 258 258 258 258 258 258 258 261 266 288 288 288 288 287 287 287 288 288 288 288 288 288 288 287 287 287 287 287 288 288 267 272 272 272 272 272 272 272 272 
272 272 272 272 272 272 272 272 272 266 288 288 288 288 288 288 288 288 288 288 288 288 288 288 288 287 287 288 288 288 288 267 266 288 287 287 287 288 288 288 288 288 288 288 288 288 288 288 288 288 288 288 288 288 288 288 288 288 288 288 287 287 288 288 288 288 288 288 267 266 288 288 288 288 287 287 287 287 288 288 288 288 288 287 287 287 287 287 288 288 288 267 272 272 272 272 272 272 272 272 
272 272 272 272 272 272 272 272 272 266 288 288 288 288 288 288 288 288 288 288 288 288 280 288 288 288 288 288 288 288 288 267 266 288 288 287 288 288 288 288 288 288 256 233 233 233 233 233 256 233 233 233 256 233 233 233 233 233 256 288 288 288 287 288 288 288 288 288 267 266 288 288 288 288 287 288 287 287 288 288 288 288 287 287 287 287 287 288 288 288 288 267 272 272 272 272 272 272 272 272 
272 272 272 272 272 272 272 272 272 266 288 288 288 287 288 288 288 288 288 288 288 288 288 288 288 288 288 288 288 288 288 267 266 288 288 288 288 288 280 288 288 256 233 264 264 264 264 264 256 69 78 69 256 264 264 264 264 264 233 256 288 288 280 288 288 288 288 288 267 266 288 288 288 288 288 288 287 287 288 288 288 288 288 287 287 287 288 288 288 288 288 267 272 272 272 272 272 272 272 272 
272 272 272 272 272 272 272 272 272 266 288 288 288 287 288 288 288 288 288 288 288 288 288 288 287 287 288 288 288 288 288 267 266 288 288 288 288 288 288 288 288 256 264 264 264 264 264 264 256 69 69 69 256 264 264 264 264 264 264 256 288 288 288 288 288 288 288 288 267 266 288 288 288 288 288 288 288 287 288 288 288 288 288 288 287 287 288 288 280 288 288 267 272 271 272 272 272 272 272 272 
272 272 272 272 272 272 272 271 272 266 288 288 288 287 288 288 288 288 288 288 288 288 288 287 287 287 287 288 288 288 288 267 266 288 288 287 287 287 287 288 288 256 264 264 264 264 264 264 233 233 69 233 233 264 264 264 264 264 264 256 288 288 288 287 287 287 288 288 267 266 288 288 288 288 288 288 288 287 287 288 288 288 288 288 288 287 288 288 288 288 288 267 272 272 272 272 272 272 272 272 
272 272 272 272 272 272 272 272 272 266 288 288 288 288 288 288 288 288 288 288 288 288 287 287 287 287 287 287 288 288 288 267 266 288 288 287 287 288 287 287 288 256 264 264 264 264 264 264 264 264 264 264 264 264 264 264 264 264 264 256 288 288 288 287 287 287 288 288 267 266 288 288 288 288 288 288 288 288 288 288 288 288 288 288 288 288 288 288 288 288 288 267 272 272 272 272 272 272 272 272 
272 272 272 272 272 272 272 272 272 266 288 288 288 288 288 288 288 288 288 288 288 288 287 287 287 287 287 287 288 288 280 267 266 288 288 287 287 288 287 287 288 256 264 264 264 264 264 264 264 264 264 264 264 264 264 264 264 264 264 256 288 288 288 287 287 287 288 288 267 266 288 288 288 287 288 288 288 288 288 288 288 288 288 288 288 288 288 288 288 288 288 267 272 272 272 272 272 272 272 272 
272 272 272 272 272 272 272 272 272 266 288 288 288 288 288 288 288 288 288 288 288 288 287 287 287 287 287 288 288 288 288 267 266 288 288 287 287 288 287 287 288 256 264 264 264 264 264 264 264 264 264 264 264 264 264 264 264 264 264 256 288 288 288 288 287 288 288 288 267 266 288 287 287 288 288 288 288 288 288 288 288 288 287 288 280 288 288 288 287 287 288 267 272 272 272 272 272 272 272 272 
272 272 272 272 272 272 272 272 272 266 288 288 288 288 288 288 288 288 288 280 288 287 287 287 287 287 287 288 288 288 288 267 266 288 288 287 287 288 287 287 288 256 264 264 264 264 264 264 264 264 264 264 264 264 264 264 264 264 264 256 288 288 288 288 288 288 288 288 267 266 288 287 288 288 288 288 288 288 288 288 288 288 287 288 288 288 288 288 287 287 288 267 272 272 272 272 272 272 272 272 
272 272 272 272 272 272 272 272 272 266 288 288 288 288 288 288 288 288 288 288 288 288 288 288 287 287 287 288 288 287 288 267 266 288 288 287 287 288 287 288 280 256 264 264 264 264 264 264 264 264 264 264 264 264 264 264 264 264 264 256 288 288 288 288 288 288 288 288 267 266 288 288 288 287 287 288 288 288 288 288 288 288 288 287 287 288 288 288 288 287 288 267 272 272 272 272 272 272 272 272 
272 272 272 272 272 272 272 272 272 266 288 288 288 288 288 288 288 288 288 288 288 288 288 288 288 287 288 288 288 287 287 267 266 288 288 287 287 288 288 288 288 256 264 264 264 264 264 264 264 264 264 264 264 264 264 264 264 264 264 256 288 288 280 288 288 288 288 288 267 266 288 288 287 288 288 288 288 288 280 288 288 288 288 288 287 287 288 288 288 288 288 267 272 272 272 272 272 272 272 272 
272 272 272 272 272 272 272 272 272 266 288 288 287 288 288 288 288 288 288 288 288 288 288 288 288 288 288 288 287 287 287 267 266 288 288 288 288 288 288 288 288 256 264 264 264 264 264 264 264 264 264 264 264 264 264 264 264 264 264 256 288 288 288 288 288 288 288 288 267 266 288 288 288 288 288 288 288 288 288 288 288 288 288 288 287 287 287 288 288 288 288 267 272 272 272 272 272 272 272 272 
272 272 272 272 272 272 272 272 272 266 288 287 288 288 288 288 288 288 288 288 288 288 288 288 288 288 288 288 287 287 287 267 266 288 288 288 288 288 288 288 288 256 264 264 264 264 264 264 264 264 264 264 264 264 264 264 264 264 264 256 288 288 288 288 287 288 288 288 267 266 288 288 288 288 288 288 288 288 287 288 288 288 288 288 288 288 287 287 288 288 288 267 272 272 272 272 272 272 272 272 
272 272 272 272 272 272 272 272 272 266 288 287 288 288 288 288 288 288 288 288 288 288 288 288 288 288 288 288 287 287 287 267 266 288 288 288 288 288 288 288 288 256 264 264 264 264 264 264 264 264 264 264 264 264 264 264 264 264 264 256 288 288 288 288 287 287 288 288 267 266 288 288 288 288 288 288 288 288 287 287 288 288 288 288 288 288 288 287 288 288 288 267 272 272 272 272 272 272 271 272 
272 272 272 272 272 272 272 272 272 266 287 288 288 288 280 288 288 257 251 251 251 257 288 288 288 288 288 288 287 288 287 267 266 288 288 288 288 288 288 288 288 256 264 264 264 264 264 264 264 264 264 264 264 264 264 264 264 264 264 256 288 288 288 288 288 287 288 288 267 266 288 280 288 288 288 288 288 288 288 287 288 288 288 288 288 288 288 287 288 288 288 267 272 272 272 272 272 272 272 272 
271 271 272 272 272 272 272 272 272 266 288 288 288 288 288 288 288 257 34 34 34 257 288 288 288 288 288 288 287 288 288 267 266 288 288 288 288 288 288 288 288 256 264 264 264 264 264 264 264 264 264 264 264 264 264 264 264 264 264 256 288 288 288 288 288 287 288 288 267 266 288 288 288 288 287 288 288 288 288 288 288 288 288 288 288 288 288 287 287 288 288 267 272 272 272 272 272 272 272 272 
272 272 272 272 272 272 272 272 272 266 288 288 288 288 288 288 288 257 34 34 34 257 288 288 288 288 288 288 287 288 288 267 266 288 288 288 288 287 288 288 288 256 264 264 264 264 264 264 264 264 264 264 264 264 264 264 264 264 264 256 288 288 288 288 287 287 288 288 267 266 288 288 288 288 287 288 288 288 288 288 288 288 288 288 288 288 288 287 287 288 288 267 272 272 272 272 272 272 272 272 
272 272 272 272 272 272 272 272 272 266 288 288 288 288 288 288 288 257 34 35 34 257 288 288 288 288 288 288 288 288 288 267 266 288 280 288 287 287 288 288 288 256 264 264 264 264 264 264 264 264 264 264 264 264 264 264 264 264 264 256 288 288 288 288 287 288 288 288 267 266 288 288 288 287 287 287 288 288 288 288 288 288 288 288 288 288 288 287 287 288 288 267 272 272 272 272 272 272 272 272 
272 272 272 272 272 272 272 272 272 266 288 287 288 288 288 288 288 257 34 34 34 257 288 288 288 288 288 287 288 288 288 267 266 288 288 288 288 287 287 288 288 256 264 264 264 264 264 264 264 264 264 264 264 264 264 264 264 264 264 256 288 288 288 287 287 288 280 288 267 266 288 288 288 287 287 287 288 288 288 288 288 288 288 288 288 288 288 287 287 288 288 267 272 272 272 272 272 272 272 272 
272 272 272 272 272 272 272 272 272 266 288 287 288 288 288 288 288 251 251 34 251 251 288 288 287 287 287 287 288 288 288 267 266 288 288 288 288 287 287 288 288 256 264 264 264 264 264 264 264 264 264 264 264 264 264 264 264 264 264 256 288 288 288 287 287 287 288 288 267 266 288 288 288 287 287 287 287 287 288 288 288 288 288 280 288 288 288 287 287 288 288 267 272 272 272 272 272 272 272 272 
272 272 272 272 272 272 272 272 272 266 288 287 287 288 288 288 288 288 288 288 288 288 288 288 288 288 287 287 287 288 288 267 266 288 288 288 287 287 287 288 288 256 264 264 264 264 264 264 264 264 264 264 264 264 264 264 264 264 264 256 288 288 288 287 287 287 287 288 267 266 288 288 288 287 287 287 287 287 288 288 288 288 288 288 288 288 288 288 288 288 288 267 272 272 272 272 272 272 272 272 
272 272 272 272 272 272 272 272 272 266 288 287 288 288 288 288 288 288 288 288 288 288 288 288 288 288 288 287 288 288 288 267 266 288 288 288 287 287 287 288 288 256 264 264 264 264 264 264 264 264 264 264 264 264 264 264 264 264 264 256 288 288 288 287 287 287 287 288 267 266 288 288 287 287 287 287 287 287 287 287 287 287 287 288 288 288 288 288 288 288 288 267 272 272 272 272 272 272 272 272 
272 272 272 272 272 272 272 272 271 266 288 288 288 288 288 288 288 287 287 287 288 288 288 288 288 288 288 288 288 288 288 267 266 288 288 288 288 287 287 287 288 256 264 264 264 264 264 264 264 264 264 264 264 264 264 264 264 264 264 256 288 288 288 288 287 288 287 288 267 266 288 288 287 287 287 287 287 287 287 287 287 287 287 288 288 288 288 288 288 288 288 267 272 272 272 272 272 272 272 272 
272 272 272 272 272 272 272 272 272 266 288 288 280 288 288 287 287 287 287 287 287 288 288 287 287 288 288 288 288 288 288 267 266 288 288 288 288 287 287 287 288 256 264 264 264 264 264 264 264 264 264 264 264 264 264 264 264 264 264 256 288 288 288 288 287 288 288 288 267 266 288 288 287 287 287 287 287 287 287 287 287 287 288 288 288 288 288 288 288 288 288 267 272 272 272 272 272 272 272 272 
272 272 272 272 272 272 272 272 272 266 288 288 288 288 288 287 287 287 287 287 288 288 288 287 287 287 288 288 288 288 288 267 266 288 288 288 287 287 287 287 288 256 264 264 264 264 264 264 264 264 264 264 264 264 264 264 264 264 264 256 288 288 288 288 287 287 288 288 267 266 288 288 287 287 287 287 287 287 287 287 287 288 288 288 288 288 288 288 288 280 288 267 272 272 272 272 272 272 272 272 
272 272 272 272 272 272 272 272 272 266 288 288 288 288 288 287 287 287 287 288 288 288 288 288 288 287 288 288 288 288 288 267 266 288 288 288 288 287 287 288 288 233 256 264 264 264 264 264 264 264 264 264 264 264 264 264 264 264 256 233 288 288 288 280 288 287 288 288 267 266 288 288 288 287 287 288 288 288 288 288 288 288 288 288 288 288 288 288 288 288 288 267 272 272 272 272 272 272 272 272 
272 272 272 272 272 272 272 272 272 266 288 288 288 288 287 287 287 287 288 288 288 288 280 288 288 288 288 288 288 288 287 267 266 288 288 288 288 288 280 288 288 288 233 233 233 233 233 233 233 233 69 233 233 233 233 233 233 233 233 288 288 288 288 288 288 287 288 288 267 266 288 288 288 288 288 288 288 280 288 288 288 288 288 288 288 287 288 287 288 288 288 267 272 272 272 272 272 272 272 272 
272 272 272 272 272 272 272 272 272 266 288 288 288 288 287 287 288 288 288 288 288 288 288 288 288 288 288 288 288 288 287 267 266 288 288 288 288 288 288 288 288 288 288 288 288 288 288 288 288 288 288 288 288 288 288 288 288 288 288 288 288 288 288 288 288 288 288 288 267 266 288 288 288 288 288 288 288 288 288 288 288 288 288 288 288 287 287 287 288 288 288 267 272 271 272 272 272 272 272 272 
272 272 272 272 272 272 272 272 272 266 288 288 288 288 288 288 288 288 280 288 288 288 288 288 288 288 288 288 288 288 288 265 259 288 288 288 288 288 288 288 288 288 288 288 288 288 288 288 288 288 288 288 288 288 288 288 288 288 280 288 288 288 288 288 288 288 288 288 267 266 288 288 288 288 288 288 287 287 288 288 288 288 288 288 288 287 288 288 288 288 288 267 272 272 272 272 272 272 272 272 
272 272 272 272 272 272 272 272 272 266 288 288 287 287 288 288 288 288 288 288 288 287 287 288 288 288 288 288 288 288 288 288 288 288 288 288 288 288 288 288 288 288 288 288 288 288 288 288 288 288 288 288 288 288 288 288 288 288 288 288 288 288 288 288 288 288 288 288 267 266 288 288 288 288 288 287 287 288 288 288 288 288 288 288 288 288 288 288 288 288 288 267 272 272 272 272 272 272 272 272 
272 272 272 272 272 272 272 272 272 266 288 288 288 287 287 288 288 288 288 288 287 287 287 287 288 288 288 288 288 288 288 280 288 288 288 288 288 288 288 288 287 287 287 287 288 288 288 280 288 288 288 288 288 288 288 288 287 287 288 288 288 288 287 287 287 288 288 288 267 266 288 288 288 288 287 287 288 288 288 288 288 288 288 288 288 288 288 288 288 288 288 267 272 272 272 272 272 272 272 272 
272 272 272 272 272 272 272 272 272 262 269 269 269 269 269 269 269 269 269 269 269 269 269 269 269 269 269 269 269 269 269 269 269 269 269 269 269 269 269 269 269 269 269 269 269 269 269 269 269 269 269 269 269 269 269 269 269 269 269 269 269 269 269 269 269 269 269 269 263 266 288 288 288 288 288 288 288 288 288 288 288 288 288 288 288 287 288 288 288 287 288 267 272 272 272 272 272 272 272 272 
272 271 272 272 272 272 272 272 272 260 258 258 258 258 258 258 258 258 258 258 258 258 258 258 258 258 258 258 258 258 258 258 258 258 258 258 258 258 258 258 258 258 258 258 258 258 258 258 258 258 258 258 258 258 258 258 258 258 258 258 258 258 258 258 258 258 258 258 258 259 287 288 288 288 288 288 288 288 288 288 288 287 287 287 287 287 288 288 288 288 288 267 272 272 272 272 272 272 272 272 
272 272 272 272 272 272 272 272 272 266 288 288 288 288 288 288 288 288 288 288 288 288 288 288 288 287 287 287 287 288 288 288 288 288 288 288 288 288 288 288 288 288 288 288 288 288 288 288 288 288 288 288 288 288 288 288 288 288 288 288 288 288 288 288 288 288 288 288 288 287 287 288 288 288 288 288 288 287 287 287 287 287 287 287 287 288 288 288 288 288 288 267 272 272 272 272 272 272 272 272 
272 272 272 272 272 272 272 272 272 266 288 288 288 287 287 287 288 288 288 288 280 288 288 288 288 288 287 287 287 287 288 288 288 288 288 288 288 288 287 287 288 288 288 288 288 288 288 288 288 288 288 288 288 288 288 288 288 288 288 288 288 288 288 288 288 288 288 288 287 287 288 288 288 288 288 288 288 287 287 287 287 287 287 288 288 288 288 288 288 288 288 267 272 272 272 272 272 272 272 272 
272 272 272 272 272 272 272 272 272 266 288 287 287 287 288 288 288 288 288 288 288 288 288 288 288 288 288 287 287 287 288 288 288 288 288 288 287 287 287 288 288 288 288 288 288 288 288 288 288 288 288 288 287 288 288 288 288 288 288 288 288 287 287 287 287 287 287 287 287 288 288 288 288 288 288 288 287 287 287 288 288 288 288 288 288 288 288 288 288 287 288 267 272 272 272 272 272 272 272 272 
272 272 272 272 272 272 272 272 272 266 288 287 288 288 288 288 288 288 288 288 288 288 288 288 288 288 288 288 287 288 288 288 288 288 288 288 288 288 288 288 287 287 288 288 288 288 288 288 287 287 287 288 288 288 288 288 288 288 287 287 287 287 287 287 287 287 287 287 288 288 288 288 288 288 288 288 287 287 288 288 288 288 288 288 288 288 288 288 288 288 288 267 272 272 272 272 272 272 272 272 
272 272 272 272 272 272 272 272 272 266 288 288 288 288 288 288 288 288 288 288 288 288 288 288 288 288 288 288 288 288 288 288 288 288 288 288 288 288 288 288 288 288 288 288 288 288 288 288 288 287 288 288 288 288 288 288 288 288 287 287 287 287 288 288 288 288 288 288 288 288 288 280 288 288 288 288 287 287 288 288 288 288 288 288 280 288 288 288 287 287 287 267 272 272 272 272 272 272 272 272 
272 272 272 272 271 272 272 272 272 266 288 288 288 288 288 288 288 288 288 287 287 287 287 287 288 288 288 288 288 288 288 288 288 288 288 288 288 288 288 280 288 288 288 288 288 288 287 288 288 288 288 288 287 287 287 287 288 288 288 288 288 288 288 288 288 288 288 288 288 288 288 288 288 288 288 288 287 287 288 288 288 288 288 288 288 288 288 287 288 287 287 267 272 272 272 272 272 272 272 272 
272 272 272 272 272 272 272 272 272 266 288 288 288 280 288 288 288 288 288 287 288 288 288 287 288 288 288 288 288 288 287 288 288 288 288 288 288 288 288 288 288 288 288 288 288 287 288 288 288 288 288 287 287 287 287 288 288 288 288 288 288 288 288 288 288 288 288 288 288 288 288 288 288 288 288 288 287 287 288 288 288 288 288 288 288 288 288 288 288 287 287 267 272 272 272 272 272 272 272 272 
272 272 272 272 272 272 272 272 272 266 288 288 288 288 288 288 288 288 288 288 288 288 288 287 288 288 288 288 288 287 287 288 288 288 288 288 288 287 287 288 288 288 288 288 288 288 288 288 288 287 287 287 287 287 288 288 288 288 288 288 288 288 288 288 288 288 288 288 288 288 288 287 287 288 288 288 287 287 288 288 288 288 288 288 288 288 288 288 288 288 288 267 272 272 272 272 272 272 272 272 
272 272 272 272 272 272 272 272 272 266 288 288 288 288 288 288 288 288 288 287 288 288 288 287 288 288 288 288 287 287 288 288 288 288 288 288 287 287 287 287 287 288 288 288 288 288 288 288 288 287 287 287 287 288 288 288 288 288 288 288 288 288 288 288 280 288 288 288 288 288 287 288 288 288 288 288 287 287 287 288 288 288 288 288 288 288 288 288 288 288 288 267 272 272 272 272 272 272 272 272 
272 272 272 272 272 272 272 272 272 266 288 288 288 288 288 288 288 288 288 287 287 287 287 287 288 288 288 288 287 288 288 288 288 288 288 288 288 288 287 287 287 287 287 288 288 288 288 287 287 287 287 287 288 288 288 288 288 288 288 288 287 287 288 288 288 288 288 288 288 288 288 288 287 288 288 288 287 287 287 287 287 287 287 288 288 288 288 288 288 288 288 267 272 272 272 272 272 272 272 272 
272 272 272 272 272 272 272 272 272 266 288 288 288 288 288 288 288 288 288 288 288 288 288 288 288 288 288 288 288 288 288 288 288 288 288 288 288 288 288 288 287 287 287 287 287 287 287 287 287 287 287 288 288 288 288 288 288 288 288 287 287 287 288 288 288 288 288 288 288 288 288 288 288 288 288 288 288 288 287 287 287 287 287 287 288 288 288 288 288 288 288 267 272 272 272 272 272 272 272 272 
272 272 272 272 272 272 272 272 272 266 288 288 288 288 288 288 288 288 288 288 288 288 288 288 288 288 288 288 288 288 288 288 288 288 288 288 288 288 288 288 288 287 287 287 287 287 287 287 287 288 288 288 288 288 288 288 288 288 287 287 288 288 288 287 287 287 287 287 287 287 288 288 288 288 288 288 288 288 288 288 288 287 287 287 287 288 288 288 288 288 280 267 272 272 272 272 272 272 272 272 
272 272 272 272 272 272 272 272 272 266 288 287 288 288 288 288 288 288 288 288 288 288 288 288 288 288 288 288 288 288 288 288 288 288 288 288 288 288 288 288 288 288 287 287 287 287 287 288 288 288 288 288 288 288 288 288 288 288 288 288 288 288 288 288 288 288 288 288 287 287 287 288 288 288 288 288 288 288 288 288 288 288 288 288 288 288 288 288 288 288 288 267 272 272 272 272 272 272 272 272 
272 272 272 272 272 272 272 272 272 266 288 287 287 287 288 288 288 288 288 288 288 288 288 280 288 288 288 287 287 287 287 287 288 288 288 288 288 288 288 288 288 288 288 288 288 288 288 288 288 288 288 288 288 288 288 288 288 288 288 288 288 288 288 288 288 288 288 288 288 287 287 287 287 287 288 288 288 288 288 288 288 288 288 288 288 288 288 287 287 288 288 267 272 272 272 272 272 272 272 272 
272 272 272 272 272 272 272 272 272 266 288 288 288 287 287 287 288 288 288 288 288 288 288 288 288 288 288 288 288 288 288 287 287 287 288 288 288 288 288 288 288 288 288 288 288 288 288 288 288 288 287 287 287 287 287 288 288 288 288 288 288 287 287 287 287 288 288 288 288 288 288 288 288 288 280 288 288 288 288 288 287 287 288 288 288 288 288 288 288 288 288 267 272 272 272 272 272 272 272 272 
272 272 272 272 272 272 272 272 272 266 288 288 288 288 288 288 288 288 288 288 288 288 288 288 288 288 288 288 288 288 288 288 288 288 288 288 288 288 288 288 288 288 288 280 288 288 288 288 288 288 288 288 287 287 288 288 288 288 288 288 288 288 288 288 288 288 288 288 288 288 288 288 288 288 288 288 288 288 288 288 287 288 288 288 288 288 288 288 288 288 288 267 272 272 272 272 271 272 272 272 
272 272 272 272 272 272 272 272 272 262 269 269 269 269 269 269 269 269 269 269 269 269 269 269 269 269 269 269 269 269 269 269 269 269 269 269 269 269 269 269 269 269 269 269 269 269 269 269 269 269 269 269 269 269 269 269 269 269 269 269 269 269 269 269 269 269 269 269 269 269 269 269 269 269 269 269 269 269 269 269 269 269 269 269 269 269 269 269 269 269 269 263 272 272 272 272 272 272 272 272 
272 272 272 272 272 272 272 272 272 272 272 272 272 272 272 272 272 272 272 272 272 272 272 272 272 272 272 272 272 272 272 272 272 272 272 272 272 272 272 272 272 272 272 272 272 272 272 272 272 272 272 272 272 272 272 272 272 272 272 272 272 272 272 272 272 272 272 272 272 272 272 272 272 272 272 272 272 272 272 272 272 272 272 272 272 272 272 272 272 272 272 272 272 272 272 272 272 272 272 272 
272 272 272 272 272 272 272 272 272 272 272 272 272 272 272 272 272 272 272 272 272 272 272 272 272 272 272 272 272 272 272 272 272 272 272 272 272 272 272 272 272 272 272 272 272 272 272 272 272 272 272 272 272 272 272 272 272 272 272 272 272 272 272 272 272 272 272 272 272 272 272 271 272 272 272 272 272 272 272 272 272 272 272 272 272 272 272 272 272 272 272 272 272 272 272 272 272 272 272 272 
272 272 272 272 272 272 272 272 272 272 272 272 272 272 272 272 272 272 272 272 272 272 272 272 272 272 272 272 272 272 272 272 272 272 272 272 272 272 272 272 272 272 272 272 272 272 272 272 271 272 272 272 272 272 272 272 272 272 272 272 272 272 272 272 272 272 272 272 272 272 272 272 272 272 272 272 272 272 272 272 272 272 272 272 272 272 272 272 272 272 272 272 272 272 272 272 272 272 272 272 
272 272 272 272 272 272 272 272 272 272 272 272 272 272 272 272 272 272 272 272 272 272 272 272 272 272 272 272 272 272 272 272 272 272 272 272 272 272 272 272 272 272 272 272 272 272 272 272 272 272 272 272 272 272 272 272 272 272 272 272 272 272 272 272 272 272 272 272 272 272 272 272 272 272 272 272 272 272 272 272 272 272 272 272 272 272 272 271 272 272 272 272 272 272 272 272 272 272 272 272 
272 272 272 272 272 272 272 272 272 272 272 272 272 272 272 272 272 272 272 271 272 272 272 272 272 272 272 272 272 272 272 272 272 272 272 272 272 272 272 272 272 272 272 272 272 272 272 272 272 272 272 272 272 272 272 272 272 272 272 272 272 272 272 272 272 272 272 272 272 272 272 272 272 272 272 272 272 272 272 272 272 272 272 272 272 272 272 272 272 272 272 272 272 272 272 272 272 272 272 272 
