302 302 302 302 302 302 302 302 302 302 302 302 302 302 302 302 302 302 302 302 302 302 302 302 302 302 302 302 302 302 302 302 302 302 302 302 302 302 302 302 302 302 302 302 302 302 302 302 302 302 302 302 302 302 302 302 302 302 302 302 302 302 302 302 302 302 302 302 302 302 302 302 302 302 302 302 302 302 302 302 302 302 302 302 302 302 302 302 302 302 302 302 302 302 302 302 302 302 302 302 
302 302 302 302 302 302 302 302 302 302 302 302 302 302 302 302 302 302 302 302 302 302 302 302 302 302 302 302 302 302 302 302 302 302 302 302 302 302 302 302 302 302 302 302 302 302 302 302 302 302 302 302 302 302 302 302 302 302 302 302 302 302 302 302 302 302 302 302 302 302 302 302 302 302 302 302 302 302 302 302 302 302 302 302 302 302 302 302 302 302 302 302 302 302 302 302 302 302 302 302 
302 302 302 302 302 302 302 302 302 302 302 302 302 302 302 302 302 302 302 302 302 302 302 302 302 302 302 302 302 302 302 302 302 302 302 302 302 302 302 302 302 302 302 302 302 302 302 302 302 302 302 302 302 302 302 302 302 302 302 302 302 302 302 302 302 302 302 302 302 302 302 302 302 302 302 302 302 302 302 302 302 302 302 302 302 302 302 302 302 302 302 302 302 302 302 302 302 302 302 302 
302 302 302 302 302 302 302 302 302 302 302 302 302 302 302 302 302 302 302 302 302 302 302 302 302 302 302 302 302 302 302 302 302 302 302 302 302 302 302 302 302 302 302 302 302 302 302 302 302 302 302 302 302 302 302 302 302 302 302 302 302 302 302 302 302 302 302 302 302 302 302 302 302 302 302 302 302 302 302 302 302 302 302 302 302 302 302 302 302 302 302 302 302 302 302 302 302 302 302 302 
302 302 302 302 302 302 302 302 302 302 302 302 302 302 302 302 302 302 302 302 302 302 302 302 302 302 302 302 302 302 302 302 302 302 302 302 302 302 302 302 302 302 302 302 302 302 302 302 302 302 302 302 302 302 302 302 302 302 302 302 302 302 302 302 302 302 302 302 302 302 302 302 302 302 302 302 302 302 302 302 302 302 302 302 302 302 302 302 302 302 302 302 302 302 302 302 302 302 302 302 
302 302 302 302 302 302 302 302 302 302 302 302 302 302 302 302 302 302 302 302 302 302 302 302 302 302 302 302 302 302 302 302 302 302 302 302 302 302 302 302 302 302 302 302 302 302 302 302 302 302 302 302 302 302 302 302 302 302 302 302 302 302 302 302 302 302 302 302 302 302 302 302 302 302 302 302 302 302 302 302 302 302 302 302 302 302 302 302 302 302 302 302 302 302 302 302 302 302 302 302 
302 302 302 302 302 302 302 302 302 302 302 291 289 289 289 289 289 289 289 289 289 289 289 289 289 289 289 289 289 289 289 289 289 289 289 289 289 289 289 289 289 289 289 289 289 289 289 289 289 289 289 289 289 289 289 289 289 289 289 289 289 289 289 289 289 289 289 289 289 289 289 289 289 289 289 289 289 289 289 289 289 289 289 289 289 289 289 289 289 292 302 302 302 302 302 302 302 302 302 302 
302 302 302 302 302 302 302 302 302 302 291 290 318 318 318 318 318 318 318 318 318 317 317 317 317 317 317 317 317 317 317 317 318 318 318 318 318 318 318 318 318 78 317 317 317 317 317 317 317 317 317 317 317 317 317 317 317 317 317 317 317 317 317 317 317 317 317 317 317 317 317 317 317 317 317 317 317 317 317 317 317 317 317 317 317 317 317 317 317 295 292 302 302 302 302 302 302 302 302 302 
302 302 302 302 302 302 302 302 302 302 296 318 318 317 317 317 317 317 317 317 318 318 318 318 318 318 318 317 317 317 317 318 318 317 317 317 317 317 317 317 317 317 317 317 317 317 317 317 317 317 317 317 317 317 317 317 317 317 317 317 317 317 317 317 317 317 317 317 317 317 317 317 317 317 317 317 317 317 317 317 317 317 317 317 317 317 317 317 317 317 297 302 302 302 302 302 302 302 302 302 
302 302 302 302 302 302 302 302 302 302 296 318 317 317 317 317 317 317 317 317 317 317 317 317 317 317 318 317 317 317 318 318 317 317 317 317 317 317 317 317 317 317 317 317 317 317 317 317 317 317 318 318 318 318 318 318 318 318 318 318 318 318 317 317 318 318 318 318 318 318 318 318 318 318 318 318 318 318 318 318 318 318 318 318 318 317 317 317 317 317 297 302 302 302 302 302 302 302 302 302 
302 302 302 302 302 302 302 302 302 302 296 318 317 317 317 317 317 317 317 317 317 317 317 317 317 317 318 317 317 318 318 317 317 317 317 317 317 317 317 317 317 317 317 317 317 317 317 317 317 317 318 317 317 317 317 317 317 317 317 317 317 318 318 317 317 317 317 317 317 317 317 317 317 317 317 317 317 317 317 317 317 317 317 317 318 317 317 317 317 317 297 302 302 302 302 302 302 302 302 302 
302 302 302 302 302 302 302 302 302 302 296 318 317 317 317 317 317 317 317 317 317 317 317 317 317 318 318 317 318 318 317 317 317 317 317 317 317 317 317 317 317 317 317 317 317 317 317 317 317 317 318 318 317 317 317 317 317 317 317 317 317 317 318 318 317 317 317 317 317 317 317 317 318 318 318 318 318 317 317 317 317 317 317 317 318 317 317 317 318 317 297 302 302 302 302 302 302 302 302 302 
302 302 302 302 302 302 302 302 302 302 296 318 317 317 317 317 317 317 317 317 317 317 317 317 318 318 317 317 318 317 317 317 317 317 317 317 317 317 317 317 317 317 317 317 317 317 317 317 317 317 317 318 318 317 317 317 317 317 317 317 317 317 317 318 317 317 317 317 317 317 317 318 318 318 318 318 318 318 317 317 317 317 317 317 318 317 317 317 318 317 297 302 302 302 302 302 302 302 302 302 
302 302 302 302 302 302 302 302 302 302 296 318 317 317 317 317 317 317 317 317 317 317 317 318 318 317 317 317 318 318 318 318 318 318 318 318 317 317 317 317 317 317 317 317 317 317 317 317 317 317 317 317 318 318 317 317 317 317 317 317 317 317 317 318 317 317 317 317 317 317 318 318 318 318 318 318 318 318 318 317 317 317 317 317 318 317 317 317 318 317 297 302 302 302 302 302 302 302 302 302 
302 302 302 302 302 302 302 302 302 302 296 318 317 317 317 318 318 318 318 318 318 318 318 318 317 317 317 317 317 317 317 317 317 317 317 318 318 317 317 317 317 317 317 317 317 317 317 317 317 317 317 317 317 318 318 318 318 317 317 317 317 317 317 318 317 317 317 317 317 317 318 318 318 318 318 318 318 318 318 317 317 317 317 317 318 317 317 317 318 317 297 302 302 302 302 302 302 302 302 302 
302 302 302 302 302 302 302 302 302 302 296 318 317 318 318 318 317 317 317 318 318 317 317 318 318 317 317 317 317 317 317 317 317 317 317 317 318 317 317 317 317 317 317 317 317 317 317 317 317 317 317 317 317 317 318 318 318 317 317 317 317 317 317 318 318 317 317 317 317 317 318 318 318 318 318 318 318 318 318 317 317 317 317 317 318 317 317 317 318 317 297 302 302 302 302 302 302 302 302 302 
302 302 302 302 302 302 302 302 302 302 296 318 318 318 317 317 317 317 317 317 318 318 317 317 318 318 318 318 318 318 318 318 318 318 318 318 318 318 318 318 318 318 318 318 318 318 318 317 317 317 317 317 317 317 318 318 318 317 317 317 317 317 317 317 318 317 317 317 317 317 317 318 318 318 318 318 318 318 318 317 317 317 317 317 318 317 317 317 318 317 297 302 302 302 302 302 302 302 302 302 
302 302 302 302 302 302 302 302 302 302 296 317 317 318 317 317 317 317 317 317 317 318 318 317 317 317 317 317 317 317 317 317 317 317 317 317 317 317 317 317 317 317 317 317 317 317 318 318 317 317 317 317 317 317 317 317 317 317 317 317 317 317 317 317 318 318 317 317 317 317 317 317 318 318 318 318 318 318 317 317 317 317 317 317 318 317 317 317 318 317 297 302 302 302 302 302 302 302 302 302 
302 302 302 302 302 302 302 302 302 302 296 317 317 318 317 317 317 317 317 317 317 317 318 318 317 317 317 317 317 317 317 317 317 317 317 317 317 317 317 317 317 317 317 317 317 317 317 318 318 317 317 317 317 317 317 317 317 317 317 317 317 317 317 317 317 318 317 317 317 317 317 317 317 317 317 317 317 318 318 317 317 317 317 317 318 318 318 318 318 317 297 302 302 302 302 302 302 302 302 302 
302 302 302 302 302 302 302 302 302 302 296 317 317 318 318 318 317 317 317 317 317 317 317 318 318 317 317 317 317 317 317 317 317 317 317 317 317 317 317 317 317 317 317 317 317 317 317 318 318 318 317 317 317 317 317 317 317 317 317 317 317 317 317 317 317 318 317 317 317 317 317 317 317 317 317 317 317 317 318 318 317 317 317 317 318 317 317 318 317 317 297 302 302 302 302 302 302 302 302 302 
302 302 302 302 302 302 302 302 302 302 296 317 317 317 317 318 318 318 317 317 317 317 317 317 318 318 317 317 317 317 317 317 317 317 317 317 317 317 317 317 317 317 317 317 317 317 318 318 317 318 318 317 317 317 317 317 317 317 317 317 317 317 317 317 317 318 317 317 317 317 317 317 317 317 317 317 317 317 317 318 318 318 317 317 318 317 317 318 317 317 297 302 302 302 302 302 302 302 302 302 
302 302 302 302 302 302 302 302 302 302 296 317 317 317 317 317 317 318 318 317 317 317 317 317 317 318 318 317 317 317 317 317 317 317 317 317 317 317 317 317 317 317 317 317 317 318 318 317 317 317 318 318 317 317 317 317 317 317 317 317 317 317 317 317 317 318 318 317 317 317 317 317 317 317 317 317 317 317 317 317 317 318 318 318 318 317 317 318 317 317 297 302 302 302 302 302 302 302 302 302 
302 302 302 302 302 302 302 302 302 302 293 298 317 317 318 318 318 318 318 318 317 317 317 317 317 317 318 318 317 317 317 317 317 317 317 317 317 317 317 317 317 317 317 317 318 318 317 317 317 317 317 318 318 318 317 317 317 317 317 317 317 317 317 317 317 317 318 317 317 317 317 317 317 317 317 317 317 317 317 317 317 317 317 318 318 317 317 318 317 317 297 302 302 302 302 302 302 302 302 302 
302 302 302 302 302 302 302 302 302 302 302 293 299 299 299 299 299 299 299 299 299 298 317 317 317 317 317 318 317 317 317 317 317 317 317 317 317 317 317 317 317 317 317 318 318 317 317 317 317 317 317 318 317 318 318 317 317 317 317 317 318 318 318 318 318 318 318 317 317 317 317 317 317 317 317 317 317 317 317 317 317 317 317 317 318 317 317 318 317 317 297 302 302 302 302 302 302 302 302 302 
302 302 302 302 302 302 302 302 302 302 302 291 289 289 289 289 289 289 289 289 292 293 298 317 317 317 317 317 318 318 317 317 317 317 317 317 317 317 317 317 317 317 318 318 317 317 317 317 317 317 317 318 317 317 318 318 318 318 318 318 318 317 317 317 317 317 318 318 317 317 317 317 317 317 317 317 317 317 317 317 317 317 317 317 318 317 317 318 317 317 297 302 302 302 302 302 302 302 302 302 
302 302 302 302 302 302 302 302 302 302 291 290 318 255 242 242 242 242 242 255 295 292 293 298 317 317 317 317 317 318 318 318 318 318 317 317 317 317 317 317 317 318 318 317 317 317 317 317 317 317 317 318 317 318 318 317 317 317 317 317 317 317 317 317 317 317 317 318 317 317 317 317 317 317 317 317 317 317 317 317 317 317 317 317 318 317 317 318 317 317 297 302 302 302 302 302 302 302 302 302 
302 302 302 302 302 302 302 302 302 302 296 317 318 255 227 227 227 227 227 255 318 295 292 293 298 317 317 317 317 317 318 318 318 318 318 317 318 317 317 317 318 318 317 317 317 317 317 317 317 317 317 318 318 318 317 317 317 317 317 317 317 317 317 317 317 317 317 318 318 317 317 317 317 317 317 317 317 317 317 317 317 317 317 317 318 317 317 318 317 317 297 302 302 302 302 302 302 302 302 302 
302 302 302 302 302 302 302 302 302 302 296 317 318 255 227 175 176 177 227 255 318 318 295 292 293 298 317 317 317 317 317 317 317 317 318 317 317 317 317 318 318 317 317 317 317 317 317 317 317 317 317 318 317 317 317 317 317 317 317 317 317 317 317 317 317 317 317 317 318 318 317 317 317 317 317 317 317 317 318 318 318 318 317 318 318 317 317 318 317 317 297 302 302 302 302 302 302 302 302 302 
302 302 302 302 302 302 302 302 302 302 296 317 318 255 227 191 192 193 227 255 317 318 318 295 292 293 298 317 317 317 317 317 317 317 318 318 317 317 318 318 317 317 317 317 317 317 317 317 317 317 317 318 317 317 317 317 317 317 317 317 317 317 317 317 317 317 317 317 317 318 318 318 318 318 318 318 318 318 318 317 317 318 318 318 317 317 317 318 317 317 297 302 302 302 302 302 302 302 302 302 
302 302 302 302 302 302 302 302 302 302 296 317 318 255 227 227 227 227 227 255 317 317 318 317 295 292 293 298 317 317 317 317 317 317 317 318 318 318 318 317 317 317 317 317 317 317 317 317 317 317 317 318 317 317 317 317 317 317 317 317 317 317 317 317 317 317 317 317 318 318 318 317 317 317 317 317 317 317 317 317 317 317 317 317 317 317 317 318 317 317 297 302 302 302 302 302 302 302 302 302 
302 302 302 302 302 302 302 302 302 302 296 318 318 242 227 242 242 242 242 242 317 317 318 318 317 295 292 293 298 317 317 317 317 317 317 317 318 317 317 317 317 317 317 317 317 317 317 317 317 317 317 318 317 317 317 317 317 317 317 317 317 317 317 317 317 317 318 318 318 317 317 317 317 317 317 317 317 317 317 317 317 317 317 317 317 318 318 318 318 318 297 302 302 302 302 302 302 302 302 302 
302 302 302 302 302 302 302 302 302 302 296 318 318 317 318 317 317 317 317 317 317 317 317 318 318 317 295 292 293 298 317 317 317 317 317 317 318 318 318 317 317 317 317 317 317 317 317 317 317 317 317 318 317 317 317 317 317 317 317 318 318 318 318 318 318 318 318 317 317 317 317 317 317 317 317 317 317 317 317 317 317 317 318 318 318 318 317 317 317 300 294 302 302 302 302 302 302 302 302 302 
302 302 302 302 302 302 302 302 302 302 296 318 317 317 318 317 317 317 317 317 317 317 317 317 318 318 318 295 292 293 298 317 317 317 317 317 317 317 318 317 317 317 317 317 317 317 317 317 317 317 317 318 318 318 318 318 318 318 318 318 317 317 300 299 299 299 299 299 299 299 299 299 299 299 299 299 299 299 299 299 299 299 299 299 299 299 299 299 299 294 302 302 302 302 302 302 302 302 302 302 
302 302 302 302 302 302 302 302 302 302 296 318 317 317 318 317 317 317 317 317 317 318 318 318 318 318 318 318 295 292 293 298 317 317 317 317 317 317 318 318 317 317 317 317 317 317 317 317 317 317 317 318 317 317 317 317 317 317 317 317 317 300 294 291 289 289 289 289 289 289 289 289 289 289 289 289 289 289 289 289 289 289 289 289 289 289 289 289 289 292 302 302 302 302 302 302 302 302 302 302 
302 302 302 302 302 302 302 302 302 302 296 318 318 318 318 318 318 318 318 318 318 318 318 318 318 317 317 318 318 295 292 293 298 317 317 317 317 317 317 318 317 317 317 317 317 317 317 317 317 317 317 318 317 317 317 317 317 317 317 317 300 294 291 290 318 318 318 318 317 317 317 317 317 317 318 318 318 318 318 318 318 318 318 318 318 318 318 318 317 295 292 302 302 302 302 302 302 302 302 302 
302 302 302 302 302 302 302 302 302 302 296 318 317 317 318 318 317 317 317 318 318 318 318 255 242 242 242 255 318 318 295 292 293 298 317 317 317 317 317 318 317 317 317 317 317 317 317 317 317 317 318 318 317 317 317 317 317 317 317 300 294 291 290 317 317 317 317 318 318 318 317 317 317 317 317 318 317 317 317 317 317 317 317 317 317 317 317 318 317 317 297 302 302 302 302 302 302 302 302 302 
302 302 302 302 302 302 302 302 302 302 296 318 317 317 317 318 318 317 318 318 318 318 318 255 227 227 227 255 318 318 317 295 292 293 298 317 317 317 317 318 317 317 317 317 317 317 317 317 317 317 318 318 317 317 317 317 317 317 300 294 291 290 317 317 317 317 317 317 317 318 318 318 318 318 317 318 318 318 318 317 317 317 317 317 317 317 317 318 318 317 297 302 302 302 302 302 302 302 302 302 
302 302 302 302 302 302 302 302 302 302 296 318 317 317 317 318 318 318 318 318 318 318 317 255 227 154 227 255 317 318 318 317 295 292 293 298 317 317 317 318 317 317 317 317 318 314 314 314 314 314 314 314 318 317 317 317 317 300 294 291 290 318 318 318 318 318 318 318 318 318 317 317 317 317 317 317 317 317 318 318 318 318 318 318 318 318 318 317 318 318 297 302 302 302 302 302 302 302 302 302 
302 302 302 302 302 302 302 302 302 302 296 318 318 317 317 317 318 318 318 318 318 317 317 255 227 170 227 255 317 318 318 317 317 295 292 293 298 317 317 318 317 317 317 318 312 309 309 309 309 309 309 309 306 317 317 317 300 294 291 290 318 318 317 317 317 317 317 317 317 318 318 318 318 318 318 318 318 318 317 317 317 318 318 318 317 317 318 318 317 318 297 302 302 302 302 302 302 302 302 302 
302 302 302 302 302 302 302 302 302 302 296 318 318 255 242 242 242 255 318 318 318 317 317 255 227 227 227 255 317 318 318 318 317 317 295 292 293 298 318 318 317 317 318 312 309 303 304 304 304 304 304 304 316 317 317 300 294 291 290 318 318 317 317 317 317 317 317 318 318 318 317 317 317 317 317 317 317 318 318 318 318 318 317 318 318 318 317 318 317 318 297 302 302 302 302 302 302 302 302 302 
302 302 302 302 302 302 302 302 302 302 296 318 318 255 227 227 227 255 317 318 318 317 317 242 242 227 242 242 317 317 318 318 317 317 317 295 292 293 298 318 318 317 311 309 303 316 318 318 318 318 318 318 318 317 300 294 291 290 318 318 317 318 318 318 318 317 317 318 317 317 318 318 318 318 318 318 317 317 317 317 317 317 317 317 317 317 317 318 317 318 297 302 302 302 302 302 302 302 302 302 
302 302 302 302 302 302 302 302 302 302 296 318 318 255 227 126 227 255 317 318 318 318 317 317 317 317 317 317 317 317 317 318 318 317 317 317 295 292 293 298 318 318 311 309 306 318 318 318 318 318 318 318 318 300 294 302 296 318 318 317 318 317 317 317 318 317 317 318 317 317 317 317 317 318 317 318 318 318 318 318 318 318 318 318 318 318 317 318 317 318 297 302 302 302 302 302 302 302 302 302 
302 302 302 302 302 302 302 302 302 302 296 317 318 255 227 227 227 255 317 318 318 318 318 318 318 318 318 318 318 318 318 318 318 318 317 317 317 295 292 293 298 318 311 309 306 318 300 299 299 299 299 299 299 294 301 302 296 318 317 317 318 318 318 317 318 317 318 318 317 318 318 318 317 318 317 318 317 317 317 317 317 317 318 317 317 317 317 318 317 318 297 302 302 302 302 302 302 302 302 302 
302 302 302 302 302 302 302 302 302 302 296 317 318 242 242 227 242 242 318 318 318 318 318 317 317 317 317 317 317 317 317 318 318 318 318 318 317 317 295 292 293 298 315 304 316 318 295 289 289 289 289 289 289 289 292 302 296 318 317 317 317 317 317 317 318 317 317 317 317 318 317 318 317 318 317 318 317 318 318 317 318 317 318 317 318 318 318 318 317 318 297 302 302 302 302 302 302 302 302 302 
302 302 302 302 302 302 302 302 302 302 296 317 318 318 318 318 317 317 318 318 318 317 317 317 317 317 317 317 317 317 317 317 318 318 318 318 318 318 317 295 292 293 298 318 318 318 318 318 318 318 318 318 318 317 295 292 296 318 318 318 317 317 318 318 318 318 318 318 318 318 317 318 317 317 317 318 317 318 317 317 318 317 318 317 318 317 317 317 317 318 297 302 302 302 302 302 302 302 302 302 
302 302 302 302 302 302 302 302 302 302 296 318 318 318 318 318 318 318 318 318 255 242 242 242 242 242 242 242 242 242 255 317 317 317 318 318 318 318 318 318 295 292 293 298 318 318 318 317 317 317 317 317 318 317 317 297 296 307 314 308 317 317 318 317 317 317 317 317 317 318 317 318 318 317 318 318 317 318 318 318 318 317 318 317 318 318 318 318 317 318 297 302 302 302 302 302 302 302 302 302 
302 302 302 302 302 302 302 302 302 302 296 318 300 299 299 298 318 318 318 317 255 227 227 227 227 227 227 227 227 227 255 317 317 317 317 318 318 318 318 318 318 295 292 296 318 318 318 318 317 317 317 318 318 318 317 297 296 311 309 306 317 317 318 317 318 318 318 318 317 318 317 317 317 317 318 317 317 317 317 317 318 317 317 317 317 317 317 318 317 318 297 302 302 302 302 302 302 302 302 302 
302 302 302 302 302 302 302 302 302 302 296 318 297 302 302 296 318 318 317 255 242 227 175 176 176 176 176 206 221 227 255 317 317 317 317 317 318 318 317 318 318 317 297 296 318 317 318 318 318 318 318 318 318 317 317 297 296 311 309 306 317 317 318 317 317 317 317 317 317 318 317 317 318 318 318 318 318 318 318 318 318 318 318 318 318 318 317 318 317 318 297 302 302 302 302 302 302 302 302 302 
302 302 302 302 302 302 302 302 302 302 296 318 297 302 301 296 318 318 317 255 227 227 183 184 184 184 184 185 227 227 255 317 317 317 317 317 318 318 317 317 318 317 297 296 318 317 317 318 307 314 308 318 317 317 317 297 296 311 309 306 317 317 318 318 318 318 318 318 318 317 318 317 318 317 318 318 318 318 318 317 317 317 317 318 317 318 318 317 317 318 297 302 302 302 302 302 302 302 302 302 
302 302 302 302 302 302 302 302 302 302 296 318 297 302 302 296 318 318 317 255 227 219 213 192 192 192 192 193 227 255 242 317 317 317 317 317 318 318 318 317 317 317 297 296 318 317 317 318 311 309 306 318 317 317 318 297 296 311 309 306 317 317 317 317 317 317 317 318 318 317 318 317 318 317 318 318 78 318 318 317 318 318 318 318 317 317 318 317 317 318 297 302 302 302 302 302 302 302 302 302 
302 302 302 302 302 302 302 302 302 302 296 318 297 302 302 296 318 318 318 255 227 227 227 227 227 227 227 227 227 255 317 317 317 317 317 317 318 318 318 318 317 317 297 296 318 317 317 318 315 304 316 318 317 317 318 297 296 311 309 306 317 317 317 317 317 317 317 317 318 317 318 317 318 317 318 318 318 318 318 317 318 317 317 317 317 317 318 317 317 318 297 302 302 302 302 302 302 302 302 302 
302 302 302 302 302 302 302 302 302 302 296 318 297 301 302 296 318 318 318 242 242 242 242 242 227 242 242 242 242 242 317 317 317 317 317 317 317 318 318 318 318 317 295 290 317 317 318 318 318 318 318 318 318 317 318 297 296 315 304 316 317 317 318 318 318 318 318 318 318 317 318 317 318 317 318 318 318 318 318 317 318 317 318 318 318 317 318 317 317 318 297 302 302 302 302 302 302 302 302 302 
302 302 302 302 302 302 302 302 302 302 296 318 295 289 289 290 318 317 318 318 317 317 317 317 318 317 317 317 317 317 317 317 317 317 317 317 317 307 314 314 314 308 317 317 317 318 318 318 317 317 317 318 318 318 318 297 293 298 318 318 317 317 318 317 317 317 317 317 318 317 318 318 318 317 317 317 317 317 318 317 318 317 318 317 318 317 318 317 317 318 297 302 302 302 302 302 302 302 302 302 
302 302 302 302 302 302 302 302 302 302 296 318 318 318 318 318 318 317 317 318 318 318 318 318 318 318 318 318 318 318 318 318 318 318 318 318 318 311 309 309 309 306 318 318 318 318 318 317 317 317 317 317 318 318 318 295 292 293 298 318 318 317 318 317 317 317 317 317 318 317 317 317 317 317 318 318 318 318 318 317 318 317 318 317 318 317 318 317 317 318 297 302 302 302 302 302 302 302 302 302 
302 302 302 302 302 302 302 302 302 302 296 318 318 318 318 318 318 317 317 318 317 317 317 317 318 317 317 317 317 317 317 317 317 317 317 317 318 315 304 304 304 316 317 317 317 317 317 317 317 318 318 317 318 318 318 317 295 292 293 298 318 318 318 317 318 318 318 317 318 317 318 318 318 317 318 317 317 317 317 317 318 317 318 317 318 317 318 317 317 318 297 302 302 302 302 302 302 302 302 302 
302 302 302 302 302 302 302 302 302 302 296 318 317 317 317 318 318 317 318 318 317 317 317 317 318 317 317 317 317 317 317 317 317 317 317 317 318 318 318 318 318 318 318 318 300 299 299 299 299 299 299 299 298 318 318 318 317 295 292 293 298 318 318 317 318 317 318 317 318 317 318 317 317 317 318 318 317 318 318 318 318 317 318 317 318 318 318 318 317 318 297 302 302 302 302 302 302 302 302 302 
302 302 302 302 302 302 302 302 302 302 296 318 317 317 317 317 318 318 318 317 317 317 317 317 318 317 317 317 317 317 317 317 317 317 317 318 318 318 317 317 317 318 318 300 294 291 289 289 289 289 289 289 290 318 318 307 314 308 295 292 293 298 317 317 318 317 317 317 318 317 318 318 318 318 318 317 317 317 317 317 317 317 318 317 317 317 317 317 317 318 297 302 302 302 302 302 302 302 302 302 
302 302 302 302 302 302 302 302 302 302 296 318 317 317 317 317 317 318 318 317 317 317 317 317 318 317 317 317 317 317 317 317 317 317 318 318 318 317 317 317 318 318 300 294 291 290 317 317 317 318 317 317 318 318 307 312 309 306 318 295 292 293 298 317 318 318 317 317 318 317 317 317 317 317 317 317 318 318 318 318 318 318 318 317 318 318 318 318 317 318 297 302 302 302 302 302 302 302 302 302 
302 302 302 302 302 302 302 302 302 302 296 318 317 317 317 317 317 318 318 317 317 317 317 317 318 318 318 318 317 317 317 317 317 317 318 318 318 317 317 318 318 300 294 291 290 317 317 318 318 318 318 318 318 307 312 309 303 316 318 318 295 292 293 298 317 318 318 317 318 318 317 317 318 318 317 317 318 317 318 317 317 317 317 317 318 317 317 318 317 318 297 302 302 302 302 302 302 302 302 302 
302 302 302 302 302 302 302 302 302 302 296 318 317 317 317 317 317 318 318 318 318 318 318 318 318 318 318 318 318 318 318 318 318 318 318 318 317 317 318 318 300 294 291 290 317 317 318 307 314 314 314 314 314 312 309 303 316 318 318 318 318 295 292 293 298 317 318 318 317 318 318 317 318 317 317 317 318 317 318 317 317 317 317 317 317 317 317 318 317 318 297 302 302 302 302 302 302 302 302 302 
302 302 302 302 302 302 302 302 302 302 296 318 317 317 317 317 317 318 318 318 318 317 317 317 318 317 317 317 317 317 317 317 318 318 318 318 318 318 318 300 294 291 290 317 317 318 307 312 309 309 309 309 309 309 303 316 318 317 317 318 318 318 295 292 293 298 317 318 318 317 318 317 318 317 317 317 318 317 318 318 318 318 318 318 318 318 318 318 317 318 297 302 302 302 302 302 302 302 302 302 
302 302 302 302 302 302 302 302 302 302 296 318 317 317 317 317 318 318 318 318 317 317 317 317 318 317 317 317 317 317 318 318 318 318 318 318 318 318 300 294 291 290 317 317 317 307 312 309 303 304 304 304 304 304 316 318 317 317 317 318 317 318 318 295 292 293 298 317 318 318 318 318 318 318 318 318 318 317 318 317 317 317 317 317 317 317 317 317 317 318 297 302 302 302 302 302 302 302 302 302 
302 302 302 302 302 302 302 302 302 302 296 318 317 317 317 318 318 318 318 318 317 317 317 317 318 317 317 317 317 318 318 318 318 318 317 318 317 300 294 291 290 317 317 317 307 312 309 303 316 318 318 318 318 318 318 318 317 317 317 317 317 317 318 318 295 292 293 298 317 317 317 317 317 317 317 317 317 317 318 317 317 318 318 318 318 318 318 318 317 318 297 302 302 302 302 302 302 302 302 302 
302 302 302 302 302 302 302 302 302 302 296 318 317 317 318 318 318 318 318 317 317 317 317 317 318 317 317 317 318 318 318 318 317 317 317 317 300 294 291 290 317 317 318 307 312 309 303 316 318 317 317 317 317 317 317 318 318 318 317 317 317 317 317 318 318 295 292 293 298 317 318 318 318 318 317 317 317 317 318 318 318 318 317 317 317 317 317 318 317 318 297 302 302 302 302 302 302 302 302 302 
302 302 302 302 302 302 302 302 302 302 296 318 318 318 318 318 318 317 317 317 317 317 317 317 318 317 317 318 318 318 318 318 317 317 317 300 294 291 290 317 318 318 307 312 309 303 316 317 317 317 317 317 317 317 317 317 317 317 317 317 317 317 317 317 318 318 295 292 293 298 317 317 317 318 317 317 317 318 318 317 256 233 233 233 233 233 256 318 317 318 297 302 302 302 302 302 302 302 302 302 
302 302 302 302 302 302 302 302 302 302 296 318 318 318 318 318 318 317 317 317 317 317 317 317 318 317 318 318 317 317 318 317 317 317 300 294 291 290 317 317 318 307 312 309 303 316 318 317 317 317 317 317 317 317 317 317 317 317 317 317 317 317 317 317 317 318 318 295 292 293 298 317 317 318 318 318 318 318 317 317 256 17 17 17 17 17 256 318 317 318 297 302 302 302 302 302 302 302 302 302 
302 302 302 302 302 302 302 302 302 302 296 317 318 318 318 318 317 317 317 317 317 317 317 317 318 318 318 317 317 318 318 318 317 300 294 291 290 317 317 318 307 312 309 303 316 318 318 317 317 317 317 317 317 317 317 317 317 317 317 317 317 317 317 317 317 317 318 318 295 292 293 298 317 317 318 317 317 318 317 317 256 17 17 17 17 17 256 318 317 318 297 302 302 302 302 302 302 302 302 302 
302 302 302 302 302 302 302 302 302 302 296 317 318 318 318 317 317 317 317 317 317 317 317 318 318 318 317 317 318 318 318 318 300 294 291 290 317 317 317 307 312 309 303 316 317 317 318 318 317 317 317 317 317 317 317 317 317 317 317 317 317 317 317 317 317 317 317 318 318 295 292 293 298 317 318 318 317 317 317 317 256 17 17 17 17 17 256 318 317 318 297 302 302 302 302 302 302 302 302 302 
302 302 302 302 302 302 302 302 302 302 296 317 317 318 318 317 317 317 317 317 317 317 317 318 318 318 318 318 318 318 318 300 294 291 290 317 317 317 318 311 309 303 316 318 317 317 317 318 318 317 317 317 317 317 317 317 317 317 317 317 317 317 317 317 317 318 318 318 318 318 295 292 293 298 317 318 318 317 317 317 256 17 17 17 17 17 256 318 317 318 297 302 302 302 302 302 302 302 302 302 
302 302 302 302 302 302 302 302 302 302 296 318 317 318 318 317 317 317 317 317 317 317 317 318 318 318 318 317 317 318 300 294 291 290 317 317 317 317 318 315 304 316 317 317 317 317 317 317 318 318 318 317 317 317 317 317 317 317 317 317 317 317 317 317 318 318 318 318 317 318 318 295 292 293 298 317 318 318 317 317 256 17 17 17 17 17 256 318 317 318 297 302 302 302 302 302 302 302 302 302 
302 302 302 302 302 302 302 302 302 302 296 318 317 318 317 317 317 317 317 317 318 318 318 318 318 317 317 317 318 300 294 291 290 317 317 317 317 317 318 318 318 317 317 317 317 317 317 317 317 317 318 318 317 317 317 317 317 317 317 317 317 317 317 318 318 317 317 317 317 317 318 318 295 292 293 298 317 318 318 317 233 233 233 17 233 233 233 318 317 318 297 302 302 302 302 302 302 302 302 302 
302 302 302 302 302 302 302 302 302 302 296 318 318 318 318 318 318 318 318 318 318 317 317 318 317 317 318 318 300 294 291 290 317 317 317 317 317 317 318 318 318 317 317 317 317 317 317 317 317 317 317 318 318 317 317 317 317 317 317 317 317 317 318 318 317 317 317 317 317 317 317 318 318 295 292 293 298 317 318 318 317 317 317 318 317 317 317 317 318 318 297 302 302 302 302 302 302 302 302 302 
302 302 302 302 302 302 302 302 302 302 296 318 318 318 317 317 317 317 317 317 318 317 318 317 317 318 318 300 294 291 290 317 317 317 317 317 317 317 318 318 317 317 317 317 317 317 317 317 317 317 317 317 318 318 317 317 317 317 317 317 317 317 318 317 317 317 317 318 318 317 317 317 318 318 295 292 293 298 317 318 318 318 317 318 318 318 318 318 318 300 294 302 302 302 302 302 302 302 302 302 
302 302 302 302 302 302 302 302 302 302 296 318 318 317 317 317 317 317 317 317 318 318 318 318 318 318 300 294 291 290 317 317 317 317 317 317 317 317 318 318 317 317 317 317 317 317 317 317 317 317 317 317 317 318 318 317 317 317 317 317 317 318 318 317 317 317 318 318 318 318 317 317 317 318 318 295 292 293 299 299 299 299 299 299 299 299 299 299 299 294 302 302 302 302 302 302 302 302 302 302 
302 302 302 302 302 302 302 302 302 302 296 318 318 317 317 317 317 317 317 317 318 318 317 317 317 300 294 291 290 317 317 317 317 317 317 317 317 317 317 317 317 317 317 317 317 317 317 317 317 317 317 317 317 317 318 317 317 317 317 318 318 318 317 317 317 318 318 318 318 318 318 317 317 317 318 318 295 289 289 289 289 289 289 289 289 289 289 289 289 292 302 302 302 302 302 302 302 302 302 302 
302 302 302 302 302 302 302 302 302 302 296 318 317 317 317 317 317 317 317 317 318 317 317 317 300 294 291 290 317 317 317 317 317 317 317 317 317 317 317 317 317 317 317 317 317 317 317 317 317 317 318 318 318 318 318 318 318 318 318 318 317 317 317 317 318 318 318 318 318 318 318 318 317 317 317 318 318 318 318 318 317 318 318 318 318 318 318 318 318 295 292 302 302 302 302 302 302 302 302 302 
302 302 302 302 302 302 302 302 302 302 296 318 317 318 317 317 317 317 317 317 318 317 317 300 294 291 290 317 317 317 317 317 317 317 317 317 317 317 317 317 317 317 317 317 317 317 317 318 318 318 318 317 317 317 317 317 317 317 317 317 317 317 317 317 318 318 318 318 318 318 318 318 318 317 317 317 317 317 317 317 318 318 317 317 317 317 317 317 318 318 297 302 302 302 302 302 302 302 302 302 
302 302 302 302 302 302 302 302 302 302 296 318 317 318 317 317 317 317 317 317 318 317 300 294 291 290 317 317 317 317 317 317 317 317 317 317 317 317 317 317 317 317 317 317 317 318 318 318 317 317 318 318 317 317 317 317 317 317 317 317 317 317 317 318 318 318 318 318 318 318 318 318 318 317 317 317 317 317 317 317 318 317 317 317 317 317 317 317 317 318 297 302 302 302 302 302 302 302 302 302 
302 302 302 302 302 302 302 302 302 302 296 318 318 318 318 318 318 317 317 317 318 317 297 291 290 317 317 317 317 317 317 317 317 317 317 317 317 317 317 317 317 317 317 317 318 318 317 317 317 317 317 318 318 317 317 317 317 317 317 317 317 317 317 317 317 317 317 317 317 318 317 317 318 318 318 318 317 317 317 317 318 318 317 317 317 317 317 317 318 318 297 302 302 302 302 302 302 302 302 302 
302 302 302 302 302 302 302 302 302 302 296 318 318 318 317 317 318 318 318 318 318 318 297 296 317 317 317 317 317 317 317 317 317 317 317 317 317 317 317 317 317 317 317 318 318 317 317 317 317 317 317 317 318 318 318 318 317 317 317 317 317 317 317 317 317 317 317 317 317 318 318 317 317 317 317 318 318 317 317 317 317 318 318 317 317 317 317 318 318 318 297 302 302 302 302 302 302 302 302 302 
302 302 302 302 302 302 302 302 302 302 296 318 318 318 317 317 317 317 317 317 318 318 297 296 317 317 317 318 318 318 318 318 318 318 318 318 318 317 317 317 317 317 318 318 317 317 317 317 317 317 317 317 317 317 317 318 318 318 318 318 318 318 318 318 318 318 318 318 318 318 318 317 317 317 317 317 318 318 317 317 317 317 318 318 317 317 318 318 317 318 297 302 302 302 302 302 302 302 302 302 
302 302 302 302 302 302 302 302 302 302 296 317 318 318 317 317 317 317 317 317 318 318 297 296 317 317 318 318 318 318 318 318 317 317 317 317 318 318 318 318 318 318 318 317 317 317 317 317 317 317 317 317 317 317 317 317 317 317 317 317 317 317 317 317 317 317 317 317 317 317 318 318 317 317 317 317 317 318 318 317 317 317 317 318 318 318 318 317 317 318 297 302 302 302 302 302 302 302 302 302 
302 302 302 302 302 302 302 302 302 302 296 317 318 318 318 317 317 317 317 318 318 318 297 296 317 318 318 318 318 318 318 317 317 317 317 317 317 317 317 317 318 318 317 317 317 317 317 317 317 317 317 317 317 317 317 317 317 317 317 317 317 317 317 317 317 317 317 317 317 317 317 318 318 317 317 317 317 317 317 317 317 317 317 317 317 317 317 317 317 318 297 302 302 302 302 302 302 302 302 302 
302 302 302 302 302 302 302 302 302 302 296 317 317 318 318 317 317 317 318 318 318 318 297 296 318 318 318 318 318 318 317 317 317 317 317 317 317 317 317 318 318 317 317 317 317 317 317 317 317 317 317 317 317 317 317 317 317 317 317 317 317 317 317 317 317 317 317 317 317 317 317 317 318 318 317 317 317 317 317 317 317 317 317 317 317 317 317 317 317 318 297 302 302 302 302 302 302 302 302 302 
302 302 302 302 302 302 302 302 302 302 296 318 317 318 318 318 318 318 318 318 318 318 297 296 318 318 318 318 318 317 317 317 317 317 317 317 317 317 318 318 317 317 317 317 317 317 317 317 317 317 317 317 317 317 317 317 317 317 317 317 317 317 317 317 317 317 317 317 317 317 317 317 317 318 318 317 317 317 317 317 317 317 317 317 317 317 317 317 317 318 297 302 302 302 302 302 302 302 302 302 
302 302 302 302 302 302 302 302 302 302 296 318 318 318 318 318 318 318 318 318 318 318 297 296 317 318 318 318 317 317 317 317 317 317 317 317 317 318 318 317 317 317 317 317 317 317 317 317 317 317 317 317 317 317 317 317 317 317 317 317 317 317 318 318 318 318 318 317 317 317 317 317 317 317 318 318 317 317 317 317 317 317 317 317 317 317 317 317 317 318 297 302 302 302 302 302 302 302 302 302 
302 302 302 302 302 302 302 302 302 302 293 298 318 318 318 318 317 317 317 317 318 300 294 296 317 317 318 317 317 317 317 317 317 317 317 318 318 318 318 318 318 318 318 318 318 318 318 318 318 318 318 318 318 318 318 318 318 318 318 318 318 318 318 317 317 317 318 317 317 317 317 317 317 317 317 318 318 317 317 318 318 318 318 318 318 318 318 318 318 318 297 302 302 302 302 302 302 302 302 302 
302 302 302 302 302 302 302 302 302 302 302 293 299 299 299 299 299 299 299 299 299 294 302 296 317 317 318 317 317 317 317 317 317 317 317 317 317 317 317 317 317 317 317 317 317 317 317 317 317 317 317 317 317 317 318 318 317 317 317 317 318 317 317 317 317 317 318 318 318 317 317 317 317 317 317 317 318 318 318 318 317 317 317 318 257 251 251 251 257 318 297 302 302 302 302 302 302 302 302 302 
302 302 302 302 302 302 302 302 302 302 291 289 289 289 289 289 289 289 289 289 289 289 292 296 317 317 318 317 317 317 317 317 317 317 317 317 317 317 317 317 317 317 317 317 317 317 317 317 317 317 317 317 317 317 318 318 317 317 317 317 318 318 317 317 317 317 317 317 318 318 317 317 317 317 317 317 317 317 317 317 317 317 317 318 257 34 34 34 257 318 297 302 302 302 302 302 302 302 302 302 
302 302 302 302 302 302 302 302 302 302 296 78 318 318 318 318 256 232 233 233 256 317 297 296 317 318 318 317 317 317 317 317 317 317 317 317 317 317 317 317 317 317 317 317 317 317 317 317 317 317 317 317 317 317 317 318 318 317 317 317 317 318 318 317 317 317 317 317 317 318 318 318 317 318 318 318 318 318 318 318 317 317 317 318 257 34 34 34 257 318 297 302 302 302 302 302 302 302 302 302 
302 302 302 302 302 302 302 302 302 302 296 318 318 317 317 318 256 227 227 227 256 317 297 296 317 318 317 317 317 317 317 317 317 317 317 317 317 317 317 317 317 317 317 317 317 317 317 317 317 317 317 317 317 318 318 318 318 318 318 318 317 317 318 318 317 317 317 317 317 317 317 318 318 307 314 314 314 314 314 308 318 318 318 318 257 34 35 34 257 318 297 302 302 302 302 302 302 302 302 302 
302 302 302 302 302 302 302 302 302 302 296 318 318 317 317 318 256 227 227 227 256 317 297 296 318 318 317 317 317 317 317 317 317 317 317 317 317 317 317 317 317 317 317 317 317 317 317 317 317 317 317 317 317 318 317 317 317 317 317 318 318 318 318 318 318 318 317 317 317 317 317 317 318 311 309 309 309 309 309 313 314 314 308 318 257 34 34 34 257 318 297 302 302 302 302 302 302 302 302 302 
302 302 302 302 302 302 302 302 302 302 296 318 318 318 317 318 233 233 227 233 232 318 297 296 318 317 317 317 317 317 317 317 317 317 317 317 317 317 317 317 317 317 317 317 317 317 317 317 317 317 317 317 318 318 317 317 317 317 317 317 317 317 317 317 317 318 318 318 318 318 317 317 318 315 304 304 304 305 309 309 309 309 306 318 251 251 34 251 251 318 297 302 302 302 302 302 302 302 302 302 
302 302 302 302 302 302 302 302 302 302 296 317 318 318 318 318 318 318 318 318 318 318 297 293 298 317 317 317 317 317 317 317 317 317 78 318 318 318 318 318 318 318 318 318 318 318 318 318 318 318 318 318 318 317 317 317 317 317 317 317 317 317 317 317 317 317 317 317 317 318 318 318 318 318 318 318 318 315 304 304 304 304 316 318 318 318 318 318 318 300 294 302 302 302 302 302 302 302 302 302 
302 302 302 302 302 302 302 302 302 302 293 299 299 299 299 299 299 299 299 299 299 299 294 302 293 299 299 299 299 299 299 299 299 299 299 299 299 299 299 299 299 299 299 299 299 299 299 299 299 299 299 299 299 299 299 299 299 299 299 299 299 299 299 299 299 299 299 299 299 299 299 299 299 299 299 299 299 299 299 299 299 299 299 299 299 299 299 299 299 294 302 302 302 302 302 302 302 302 302 302 
302 302 302 302 302 302 302 302 302 302 302 302 302 302 302 302 302 302 302 302 302 302 302 302 302 302 302 302 302 302 302 302 302 302 302 302 302 302 302 302 302 302 302 302 302 302 302 302 302 302 302 302 302 302 302 302 302 302 302 302 302 302 302 302 302 302 302 302 302 302 302 302 302 302 302 302 302 302 302 302 302 302 302 302 302 302 302 302 302 302 302 302 302 302 302 302 302 302 302 302 
302 302 302 302 302 302 302 302 302 302 302 302 302 302 302 302 302 302 302 302 302 302 302 302 302 302 302 302 302 302 302 302 302 302 302 302 302 302 302 302 302 302 302 302 302 302 302 302 302 302 302 302 302 302 302 302 302 302 302 302 302 302 302 302 302 302 302 302 302 302 302 302 302 302 302 302 302 302 302 302 302 302 302 302 302 302 302 302 302 302 302 302 302 302 302 302 302 302 302 302 
302 302 302 302 302 302 302 302 302 302 302 302 302 302 302 302 302 302 302 302 302 302 302 302 302 302 302 302 302 302 302 302 302 302 302 302 302 302 302 302 302 302 302 302 302 302 302 302 302 302 302 302 302 302 302 302 302 302 302 302 302 302 302 302 302 302 302 302 302 302 302 302 302 302 302 302 302 302 302 302 302 302 302 302 302 302 302 302 302 302 302 302 302 302 302 302 302 302 302 302 
302 302 302 302 302 302 302 302 302 302 302 302 302 302 302 302 302 302 302 302 302 302 302 302 302 302 302 302 302 302 302 302 302 302 302 302 302 302 302 302 302 302 302 302 302 302 302 302 302 302 302 302 302 302 302 302 302 302 302 302 302 302 302 302 302 302 302 302 302 302 302 302 302 302 302 302 302 302 302 302 302 302 302 302 302 302 302 302 302 302 302 302 302 302 302 302 302 302 302 302 
302 302 302 302 302 302 302 302 302 302 302 302 302 302 302 302 302 302 302 302 302 302 302 302 302 302 302 302 302 302 302 302 302 302 302 302 302 302 302 302 302 302 302 302 302 302 302 302 302 302 302 302 302 302 302 302 302 302 302 302 302 302 302 302 302 302 302 302 302 302 302 302 302 302 302 302 302 302 302 302 302 302 302 302 302 302 302 302 302 302 302 302 302 302 302 302 302 302 302 302 
